
hasil <- n*(n+1)/2
n <- 1000
(hasil)